0.00014063852623399538
5.786703660796952e-05
7.317783865889763e-05
6.407964354282569e-05
8.182138400671397e-05
9.676788701937081e-05
8.914263321081749e-05
0.00010154320238847513
9.439153738936348e-05
0.00011124357843049238
0.0001132105004939924
8.854122192903779e-05
6.422608927701973e-05
5.021451760731944e-05
5.1150923321237565e-05
4.4008379004390734e-05
8.23863427832693e-05
1.686066819153411e-06
5.2131288949829497e-05
1.357933653747974e-05
8.618964095324177e-05
8.975610659043063e-05
9.83571056964685e-05
0.00012491393424662948
5.5407238449255905e-05
4.9575662508405035e-05
2.226253588990909e-05
-9.621120437358272e-06
6.541251432879084e-05
8.446280919401004e-05
3.532187114237294e-05
4.1282092637737436e-05
3.81387140657877e-05
-1.617359870996608e-06
2.0226614424067074e-05
-3.8893156050767437e-05
-1.598550849545799e-05
3.235998502987754e-05
-8.932025515815379e-06
-1.5843233443241036e-05
1.024396703377722e-05
6.893375816565737e-05
6.402491055853286e-06
4.216951155608979e-05
7.167007290241862e-05
5.3875356420375895e-05
6.810380901162869e-05
3.3484718367249414e-05
0.00010302834564921376
7.426818908102539e-05
8.858736874038614e-05
0.0001028696668416506
9.66315248476118e-05
0.00014117443414093684
7.001128198969556e-05
9.523130640597448e-05
0.0001131891751483376
3.338974452505552e-05
4.784253686085292e-05
0.00012128536903769811
0.00014077507952230957
3.189945145036501e-05
1.530874978583263e-05
0.0001366140536827182
9.087659906776126e-05
2.3803210894407385e-05
6.87285699146971e-05
9.394568040444846e-06
3.32344856103593e-05
2.418619182304236e-05
5.403385990530872e-05
3.6464811252922975e-05
5.0593450808330215e-05
5.35272834708112e-05
4.254924042491847e-05
6.858793180695982e-05
6.438403244249606e-05
4.798003959794446e-05
6.502585832447116e-05
2.5899452133451532e-05
7.546423111471247e-05
4.309681038553213e-05
4.522796557432401e-06
7.9225860163393e-05
4.2662876283016465e-05
2.7445735534698025e-05
4.8991940115300914e-05
1.0578187650189193e-05