9.25586005294298e-05
0.00012027004296826019
0.00010681597438103407
0.00012892785335147245
4.546308917432856e-05
0.00010438951867613932
7.090797116749816e-05
9.724441004592665e-05
9.753026977951104e-06
8.087200007980322e-05
8.669359752875018e-05
7.97583256457567e-05
4.323662653649064e-05
0.00012719992582541377
0.00012350379226595744
5.8017611943776566e-05
0.00010226103321103989
5.816283616218539e-05
7.357683018529528e-05
5.329634990173265e-05
6.524461352104256e-05
7.266021399504523e-05
7.832005444070606e-05
5.2015116240463736e-05
6.470656092780538e-05
7.36596587911845e-05
0.00010143219233082631
0.00014812317669867696
0.00011618640656299966
5.5483379624612945e-05
8.054405229907771e-05
7.602252281812215e-05
0.00010190314697870551
9.898036493919714e-05
9.151761203392824e-05
0.00010359600786715233
0.00011557609577876648
0.00010831335904051995
6.447742650515318e-05
0.00011254489471243188
9.600833727448637e-05
9.883881147031548e-05
7.705133508633808e-05
9.543378199122341e-05