9.67802108539024e-05
6.862874226607915e-05
8.959361460325404e-05
9.534428751770043e-05
0.00010315443398103593
0.0001008760277011871
5.6940099028747523e-05
4.7579912776705016e-05
3.87554682938964e-05
3.362320293543071e-05
8.797266642534262e-05
0.00011163590952915986
5.2340750505198756e-05
6.959155889398516e-06
7.494022162705267e-05
3.830258131355233e-05
1.746794054479554e-05
-8.154603184420599e-06
8.188409237723966e-06
-1.2387817179554039e-05
4.2033461134445484e-05
2.42807208886974e-05
6.241705795899354e-05
5.0798739236237433e-05
8.781483021224373e-05
9.572901862229895e-05
0.00011979404969610187
8.262183509354266e-05
7.16941536174474e-05
8.456793239449042e-05
8.416394606345411e-05
7.595782884821438e-05
5.561694442422611e-05
4.0252375184688954e-05
2.86487821801938e-05
4.525017583253117e-05
5.211897892858685e-05
5.6087766250902166e-05
5.618091529148625e-05
4.4680453198887996e-05
5.793441919138367e-05
4.187060202806183e-05
3.4749551292343226e-05
2.9787425946774218e-05