58927.50896267361
58927.510452835646
58927.511942997684
58927.51343315972
58927.51590711805
58927.51739728009
58927.51888744212
58927.52037760416
58927.52279369214
58927.524283854174
58927.525774016205
58927.52726417824
58927.529738136574
58927.53122829861
58927.53271846065
58927.53420862269
58927.53668258102
58927.53817274305
58927.539662905096
58927.541153067126
58927.543569155096
58927.545059317126
58927.54654947917
58927.5480396412
58927.55051359953
58927.55200376158
58927.55349392361
58927.554984085655
58927.55745804398
58927.55894820602
58927.56043836805
58927.561928530085
58927.574182581026
58927.57567274306
58927.577162905094
58927.57865306713
58927.58111979166
58927.58259548611
58927.58407118056
58927.585546875
58927.58801359953
58927.58950376157
58927.59099392361
58927.592484085646