58927.508590133104
58927.50933521412
58927.510080295135
58927.51082537616
58927.51157045717
58927.512315538195
58927.51306061921
58927.513805700226
58927.51553457755
58927.516279658565
58927.51702473958
58927.517769820595
58927.51851490162
58927.51925998263
58927.52000506365
58927.520750144664
58927.52242115163
58927.52316623265
58927.52391131366
58927.52465639468
58927.5254014757
58927.52614655672
58927.52689163773
58927.52763671875
58927.52936559607
58927.530110677086
58927.5308557581
58927.531600839124
58927.53234592014
58927.53309100116
58927.53383608218
58927.53458116319
58927.53631004051
58927.537055121524
58927.537800202546
58927.53854528356
58927.539290364584
58927.5400354456
58927.54078052662
58927.54152560764
58927.543196614584
58927.5439416956
58927.54468677662
58927.54543185764
58927.54617693866
58927.546922019676
58927.5476671007
58927.54841218171
58927.55014105903
58927.550886140045
58927.55163122107
58927.55237630208
58927.553121383105
58927.55386646412
58927.55461154514
58927.55535662616
58927.557085503475
58927.55783058449
58927.558575665505
58927.55932074652
58927.56006582754
58927.56081090856
58927.561555989574
58927.56230107059
58927.57381004052
58927.57455512154
58927.57530020255
58927.57604528357
58927.57679036459
58927.577535445605
58927.57828052662
58927.579025607636
58927.58075086805
58927.581488715274
58927.582226562496
58927.58296440972
58927.58370225695
58927.58444010417
58927.58517795139
58927.58591579861
58927.58764105902
58927.588386140036
58927.58913122106
58927.58987630208
58927.5906213831
58927.59136646412
58927.59211154514
58927.59285662616